DemoFile

67 atoms

5 atom types

#Masses#

Atoms

1 1 3 0    5.0408229828000    0.0000000000000    4.9999996049822 
2 1 3 0   -0.0398673144804    2.9426438934240    9.0081166585079 
3 1 3 0   -1.2602059977411    8.0033817699333    7.0579070339209 
4 1 3 0   -1.2223744196223    2.1979704068683   11.0136540638359 
5 1 3 0    1.2602052920259    8.0033817699333    7.0579070339209 
6 1 3 0    1.2207383197068    2.2049886156654   11.1422325451982 
7 1 3 0    0.0000000000000    5.8206414777179    7.0579070339209 
8 1 3 0   -4.9425690255073    8.6831010936558   11.1181796212605 
9 1 3 0    2.5204114914000    1.4551603694295    7.0579070339209 
10 1 3 0   -2.4114601012061    4.3397269545504   11.2718258830230 
11 1 3 0    1.2602057961082    6.5482215751231    4.9999996049822 
12 1 3 0    1.3271537222662    0.6901942074942    9.0490035378387 
13 1 3 0    5.0408229828000    1.4551603694295    7.0579070339209 
14 1 3 0    0.0630232926083    4.4376182331625   11.1482575275979 
15 1 3 0    3.7806172875082    6.5482215751231    4.9999996049822 
16 1 3 0    3.8249588364682    0.7509533179372    9.1372655599224 
17 1 3 0    7.5612339701177    1.4551603694295    7.0579070339209 
18 1 3 0    2.5665021555268    4.3589454597345   11.2878238998987 
19 1 3 0   -3.7806171866918    6.5482215751231    4.9999996049822 
20 1 3 0    6.4735288666899    0.7437121203829    9.2340987043938 
21 1 3 0    2.5204114914000    4.3654809336692    4.9999996049822 
22 1 3 0   -2.5455773464676    7.2361993407263    9.1214968544486 
23 1 3 0    5.0408229828000    4.3654809336692    4.9999996049822 
24 1 3 0    0.0282578958852    7.2562496446142    9.0460267243592 
25 1 3 0    3.7806172371000    3.6379005743353    7.0579070339209 
26 1 3 0   -1.1943132670581    6.5549163017959   11.1768958326233 
27 1 3 0    7.5612344742000    0.0000000000000    4.9999996049822 
28 1 3 0    2.4821628355876    2.8304588084721    9.0893009407681 
29 1 3 0    6.3010282244177    3.6379005743353    7.0579070339209 
30 1 3 0    1.3181423942446    6.6246417604795   11.0823045617646 
31 1 3 0    0.0000000000000    0.0000000000000    4.9999996049822 
32 1 3 0    5.0975753908012    2.9091357727617    9.0684693867910 
33 1 3 0    3.7806162793436    8.0033817699333    7.0579070339209 
34 1 3 0    3.8420133016412    2.2369864546043   11.1725596662355 
35 1 3 0    5.0408220754519    5.8206414777179    7.0579070339209 
36 1 3 0    0.1450146980186    8.6958400030588   11.1448646504947 
37 1 3 0   -1.2602057961082    2.1827404668346    4.9999996049822 
38 1 3 0    3.7038313383594    5.1250217634267    9.1309890337134 
39 1 3 0    1.2602056952918    2.1827404668346    4.9999996049822 
40 1 3 0    6.3598748423271    5.0672334499500    9.1097810109714 
41 1 3 0   -0.0000001008165    1.4551603694295    7.0579070339209 
42 1 3 0    5.0491535980861    4.4313225987407   11.0215499562509 
43 1 3 0    0.0000000000000    4.3654809336692    4.9999996049822 
44 1 3 0    5.0654680200370    7.1982690753648    9.0979874599370 
45 1 4 0    3.7806171866918    2.1827404668346    4.9999996049822 
46 1 4 0   -1.2743143035136    5.1272037180197    9.1612564448566 
47 1 4 0    1.2602059473329    3.6379005743353    7.0579070339209 
48 1 4 0   -3.6232655280969    6.4650377758075   11.1862734620558 
49 1 4 0   -1.2602056448835    3.6379005743353    7.0579070339209 
50 1 4 0    3.8985964388067    6.5759820165083   11.1715697947641 
51 1 4 0    2.5204112897671    5.8206414777179    7.0579070339209 
52 1 4 0    2.5616066090623    0.0054414844565   11.1525426653174 
53 1 2 0    6.3010286780918    2.1827404668346    4.9999996049822 
54 1 2 0    1.2415173481653    5.0741240993993    9.1273674804200 
55 1 2 0   -1.2602056952918    6.5482215751231    4.9999996049822 
56 1 2 0    8.9527404516457    0.5646445524370    9.1973531932147 
57 1 2 0   -2.5204114914000    4.3654809336692    4.9999996049822 
58 1 2 0    2.5427155200355    7.3148585811640    9.1142808502249 
59 1 2 0    2.5204114914000    0.0000000000000    4.9999996049822 
60 1 2 0    7.5819966159016    2.9509864144641    9.0786857073248 
61 1 2 0   -3.7806176907741    8.0033817699333    7.0579070339209 
62 1 2 0    6.1834336879128    2.1990793262907   11.2179315632149 
63 1 2 0   -2.5204114914000    5.8206414777179    7.0579070339209 
64 1 2 0    7.6831414851749    0.0600001279582   11.5930293297139 
65 1 1 0   7.8638957189580    1.9490733944872   12.5815147693229 
66 1 5 0   7.0400567792644    2.9686101222173   12.8555342719643 
67 1 5 0   7.8655988114109    0.8580756675431   13.3250585777702
